1	0
2	0
3	0
4	0
5	0
6	0
7	0
8	0
9	0
10	0
11	0
12	0
13	0
14	0
15	0
16	0
17	0
18	0
19	0
20	0
21	0
22	0
23	0
24	0
25	0
26	0
27	0
28	0
29	0
30	0
31	0
32	0
33	0
34	0
35	0
36	0
37	0
38	0
39	0
40	0
41	0
42	0
43	0
44	0
45	0
46	0
47	0
48	0
49	0
50	0
51	0
52	0
53	0
54	0
55	0
56	0
57	0
58	0
59	0
60	0
61	0
62	0
63	0
64	0
65	0
66	0
67	0
68	0
69	0
70	0
71	0
72	0
73	0
74	0
75	0
76	0
77	0
78	0
79	0
80	0
81	0
82	0
83	0
84	0
85	0
86	0
87	0
88	0
89	0
90	0
91	0
92	0
93	0
94	0
95	0
96	0
97	0
98	0
99	0
100	0
101	0
102	0
103	0
104	0
105	0
106	0
107	0
108	0
109	0
110	0
111	0
112	0
113	0
114	0
115	0
116	0
117	0
118	0
119	0
120	0
121	0
122	0
123	0
124	0
125	0
126	0
127	0
128	0
129	0
130	0
131	0
132	0
133	0
134	0
135	0
136	0
137	0
138	0
139	0
140	0
141	0
142	0
143	0
144	0
145	0
146	0
147	0
148	0
149	0
150	0
151	0
152	0
153	0
154	0
155	0
156	0
157	0
158	0
159	0
160	0
161	0
162	0
163	0
164	0
165	0
166	0
167	0
168	0
169	0
170	0
171	0
172	0
173	0
174	0
175	0
176	0
177	0
178	0
179	0
180	0
181	0
182	0
183	0
184	0
185	0
186	0
187	0
188	0
189	0
190	0
191	0
192	0
193	0
194	0
195	0
196	0
197	0
198	0
199	0
200	0
201	0
202	0
203	0
204	0
205	0
206	0
207	0
208	0
209	0
210	0
211	0
212	0
213	0
214	0
215	0
216	0
217	0
218	0
219	0
220	0
221	0
222	0
223	0
224	0
225	0
226	0
227	0
228	0
229	0
230	0
231	0
232	0
233	0
234	0
235	0
236	0
237	0
238	0
239	0
240	0
241	0
242	0
243	0
244	0
245	0
246	0
247	0
248	0
249	0
250	0
251	0
252	0
253	0
254	0
255	0
256	0
257	0
258	0
259	0
260	0
261	0
262	0
263	0
264	0
265	0
266	0
267	0
268	0
269	0
270	0
271	0
272	0
273	0
274	0
275	0
276	0
277	0
278	0
279	0
280	0
281	0
282	0
283	0
284	0
285	0
286	0
287	0
288	0
289	0
290	0
291	0
292	0
293	0
294	0
295	0
296	0
297	0
298	0
299	0
300	0
301	0
302	0
303	0
304	0
305	0
306	0
307	0
308	0
309	0
310	0
311	0
312	0
313	0
314	0
315	0
316	0
317	0
318	0
319	0
320	0
321	0
322	0
323	0
324	0
325	0
326	0
327	0
328	0
329	0
330	0
331	0
332	0
333	0
334	0
335	0
336	0
337	0
338	0
339	0
340	0
341	0
342	0
343	0
344	0
345	0
346	0
347	0
348	0
349	0
350	0
351	0
352	0
353	0
354	0
355	0
356	0
357	0
358	0
359	0
360	0
361	0
362	0
363	0
364	0
365	0
366	0
367	0
368	0
369	0
370	0
371	0
372	0
373	0
374	0
375	0
376	0
377	0
378	0
379	0
380	0
381	0
382	0
383	0
384	0
385	0
386	0
387	0
388	0
389	0
390	0
391	0
392	0
393	0
394	0
395	0
396	0
397	0
398	0
399	0
400	0
401	0
402	0
403	0
404	0
405	0
406	0
407	0
408	0
409	0
410	0
411	0
412	0
413	0
414	0
415	0
416	0
417	0
418	0
419	0
420	0
421	0
422	0
423	0
424	0
425	0
426	0
427	0
428	0
429	0
430	0
431	0
432	0
433	0
434	0
435	0
436	0
437	0
438	0
439	0
440	0
441	0
442	0
443	0
444	0
445	0
446	0
447	0
448	0
449	0
450	0
451	0
452	0
453	0
454	0
455	0
456	0
457	0
458	0
459	0
460	0
461	0
462	0
463	0
464	0
465	0
466	0
467	0
468	0
469	0
470	0
471	0
472	0
473	0
474	0
475	0
476	0
477	0
478	0
479	0
480	0
481	0
482	0
483	0
484	0
485	0
486	0
487	0
488	0
489	0
490	0
491	0
492	0
493	0
494	0
495	0
496	0
497	0
498	0
499	0
500	0
501	0
502	0
503	0
504	0
505	0
506	0
507	0
508	0
509	0
510	0
511	0
512	0
513	0
514	0
515	0
516	0
517	0
518	0
519	0
520	0
521	0
522	0
523	0
524	0
525	0
526	0
527	0
528	0
529	0
530	0
531	0
532	0
533	0
534	0
535	0
536	0
537	0
538	0
539	0
540	0
541	0
542	0
543	0
544	0
545	0
546	0
547	0
548	0
549	0
550	0
551	0
552	0
553	0
554	0
555	0
556	0
557	0
558	0
559	0
560	0
561	0
562	0
563	0
564	0
565	0
566	0
567	0
568	0
569	0
570	0
571	0
572	0
573	0
574	0
575	0
576	0
577	0
578	0
579	0
580	0
581	0
582	0
583	0
584	0
585	0
586	0
587	0
588	0
589	0
590	0
591	0
592	0
593	0
594	0
595	0
596	0
597	0
598	0
599	0
600	0
601	0
602	0
603	0
604	0
605	0
606	0
607	0
608	0
609	0
610	0
611	0
612	0
613	0
614	0
615	0
616	0
617	0
618	0
619	0
620	0
621	0
622	0
623	0
624	0
625	0
626	0
627	0
628	0
629	0
630	0
631	0
632	0
633	0
634	0
635	0
636	0
637	0
638	0
639	0
640	0
641	0
642	0
643	0
644	0
645	0
646	0
647	0
648	0
649	0
650	0
651	0
652	0
653	0
654	0
655	0
656	0
657	0
658	0
659	0
660	0
661	0
662	0
663	0
664	0
665	0
666	0
667	0
668	0
669	0
670	0
671	0
672	0
673	0
674	0
675	0
676	0
677	0
678	0
679	0
680	0
681	0
682	0
683	0
684	0
685	0
686	0
687	0
688	0
689	0
690	0
691	0
692	0
693	0
694	0
695	0
696	0
697	0
698	0
699	0
700	0
701	0
702	0
703	0
704	0
705	0
706	0
707	0
708	0
709	0
710	0
711	0
712	0
713	0
714	0
715	0
716	0
717	0
718	0
719	0
720	0
721	0
722	0
723	0
724	0
725	0
726	0
727	0
728	0
729	0
730	0
731	0
732	0
733	0
734	0
735	0
736	0
737	0
738	0
739	0
740	0
741	0
742	0
743	0
744	0
745	0
746	0
747	0
748	0
749	0
750	0
751	0
752	0
753	0
754	0
755	0
756	0
757	0
758	0
759	0
760	0
761	0
762	0
763	0
764	0
765	0
766	0
767	0
768	0
769	0
770	0
771	0
772	0
773	0
774	0
775	0
776	0
777	0
778	0
779	0
780	0
781	0
782	0
783	0
784	0
785	0
786	0
787	0
788	0
789	0
790	0
791	0
792	0
793	0
794	0
795	0
796	0
797	0
798	0
799	0
800	0
801	0
802	0
803	0
804	0
805	0
806	0
807	0
808	0
809	0
810	0
811	0
812	0
813	0
814	0
815	0
816	0
817	0
818	0
819	0
820	0
821	0
822	0
823	0
824	0
825	0
826	0
827	0
828	0
829	0
830	0
831	0
832	0
833	0
834	0
835	0
836	0
837	0
838	0
839	0
840	0
841	0
842	0
843	0
844	0
845	0
846	0
847	0
848	0
849	0
850	0
851	0
852	0
853	0
854	0
855	0
856	0
857	0
858	0
859	0
860	0
861	0
862	0
863	0
864	0
865	0
866	0
867	0
868	0
869	0
870	0
871	0
872	0
873	0
874	0
875	0
876	0
877	0
878	0
879	0
880	0
881	0
882	0
883	0
884	0
885	0
886	0
887	0
888	0
889	0
890	0
891	0
892	0
893	0
894	0
895	0
896	0
897	0
898	0
899	0
900	0
901	0
902	0
903	0
904	0
905	0
906	0
907	0
908	0
909	0
910	0
911	0
912	0
913	0
914	0
915	0
916	0
917	0
918	0
919	0
920	0
921	0
922	0
923	0
924	0
925	0
926	0
927	0
928	0
929	0
930	0
931	0
932	0
933	0
934	0
935	0
936	0
937	0
938	0
939	0
940	0
941	0
942	0
943	0
944	0
945	0
946	0
947	0
948	0
949	0
950	0
951	0
952	0
953	0
954	0
955	0
956	0
957	0
958	0
959	0
960	0
961	0
962	0
963	0
964	0
965	0
966	0
967	0
968	0
969	0
970	0
971	0
972	0
973	0
974	0
975	0
976	0
977	0
978	0
979	0
980	0
981	0
982	0
983	0
984	0
985	0
986	0
987	0
988	0
989	0
990	0
991	0
992	0
993	0
994	0
995	0
996	0
997	0
998	0
999	0
1000	0
1001	0
1002	0
1003	0
1004	0
1005	0
1006	0
1007	0
1008	0
1009	0
1010	0
1011	0
1012	0
1013	0
1014	0
1015	1
1016	2
1017	2
1018	2
1019	2
1020	2
1021	2
1022	2
1023	2
1024	2
1025	2
1026	2
1027	2
1028	2
1029	2
1030	2
1031	2
1032	2
1033	2
1034	2
1035	2
1036	2
1037	2
1038	2
1039	2
1040	2
1041	2
1042	2
1043	2
1044	2
1045	2
1046	2
1047	2
1048	2
1049	2
1050	2
1051	2
1052	2
1053	2
1054	2
1055	2
1056	2
1057	2
1058	2
1059	2
1060	2
1061	2
1062	2
1063	2
1064	2
1065	2
1066	2
1067	2
1068	2
1069	2
1070	2
1071	2
1072	2
1073	2
1074	2
1075	2
1076	2
1077	2
1078	2
1079	2
1080	2
1081	2
1082	2
1083	2
1084	2
1085	2
1086	2
1087	2
1088	2
1089	2
1090	2
1091	2
1092	2
1093	2
1094	2
1095	2
1096	2
1097	2
1098	2
1099	2
1100	2
1101	2
1102	2
1103	2
1104	2
1105	2
1106	2
1107	2
1108	2
1109	2
1110	2
1111	1
1112	1
1113	2
1114	2
1115	2
1116	2
1117	2
1118	2
1119	2
1120	2
1121	2
1122	2
1123	2
1124	2
1125	2
1126	2
1127	2
1128	2
1129	2
1130	2
1131	2
1132	2
1133	2
1134	2
1135	2
1136	2
1137	2
1138	2
1139	2
1140	2
1141	2
1142	2
1143	2
1144	2
1145	2
1146	2
1147	2
1148	2
1149	2
1150	2
1151	2
1152	2
1153	2
1154	2
1155	2
1156	2
1157	2
1158	2
1159	2
1160	2
1161	2
1162	2
1163	2
1164	2
1165	2
1166	2
1167	2
1168	2
1169	2
1170	2
1171	2
1172	2
1173	2
1174	2
1175	2
1176	2
1177	2
1178	2
1179	2
1180	2
1181	2
1182	2
1183	2
1184	2
1185	2
1186	2
1187	2
1188	2
1189	2
1190	2
1191	2
1192	2
1193	2
1194	2
1195	2
1196	2
1197	2
1198	2
1199	2
1200	2
1201	2
1202	2
1203	2
1204	2
1205	2
1206	2
1207	2
1208	2
1209	2
1210	2
1211	2
1212	2
1213	2
1214	2
1215	2
1216	2
1217	2
1218	2
1219	2
1220	2
1221	2
1222	2
1223	2
1224	2
1225	2
1226	2
1227	2
1228	2
1229	2
1230	2
1231	2
1232	1
1233	0
1234	0
1235	0
1236	0
1237	0
1238	0
1239	1
1240	1
1241	1
1242	1
1243	1
1244	1
1245	1
1246	1
1247	1
1248	1
1249	1
1250	1
1251	1
1252	1
1253	1
1254	1
1255	1
1256	1
1257	1
1258	1
1259	1
1260	1
1261	1
1262	1
1263	1
1264	1
1265	1
1266	1
1267	1
1268	1
1269	1
1270	1
1271	1
1272	1
1273	1
1274	1
1275	1
1276	1
1277	1
1278	1
1279	1
1280	1
1281	1
1282	1
1283	1
1284	1
1285	1
1286	1
1287	0
1288	0
1289	1
1290	1
1291	1
1292	1
1293	1
1294	1
1295	1
1296	1
1297	1
1298	1
1299	1
1300	1
1301	1
1302	1
1303	1
1304	1
1305	1
1306	1
1307	1
1308	1
1309	1
1310	1
1311	1
1312	1
1313	1
1314	1
1315	1
1316	1
1317	1
1318	1
1319	1
1320	1
1321	1
1322	1
1323	1
1324	1
1325	1
1326	1
1327	1
1328	1
1329	1
1330	1
1331	1
1332	0
1333	0
1334	0
1335	0
1336	0
1337	1
1338	1
1339	1
1340	1
1341	1
1342	1
1343	1
1344	1
1345	1
1346	1
1347	1
1348	1
1349	1
1350	1
1351	1
1352	1
1353	1
1354	1
1355	1
1356	1
1357	1
1358	1
1359	1
1360	1
1361	1
1362	1
1363	1
1364	1
1365	1
1366	1
1367	1
1368	1
1369	1
1370	1
1371	1
1372	1
1373	1
1374	1
1375	1
1376	1
1377	1
1378	1
1379	1
1380	1
1381	1
1382	1
1383	1
1384	1
1385	1
1386	1
1387	1
1388	1
1389	1
1390	0
1391	0
1392	1
1393	1
1394	1
1395	1
1396	1
1397	1
1398	1
1399	1
1400	1
1401	1
1402	1
1403	1
1404	1
1405	1
1406	1
1407	1
1408	1
1409	1
1410	1
1411	1
1412	1
1413	1
1414	1
1415	1
1416	1
1417	1
1418	1
1419	1
1420	1
1421	1
1422	1
1423	1
1424	1
1425	1
1426	1
1427	1
1428	1
1429	1
1430	1
1431	1
1432	1
1433	1
1434	1
1435	1
1436	1
1437	1
1438	1
1439	1
1440	0
1441	0
1442	0
1443	0
1444	0
1445	0
1446	0
1447	0
1448	0
1449	0
1450	1
1451	1
1452	1
1453	1
1454	1
1455	1
1456	1
1457	1
1458	1
1459	1
1460	1
1461	1
1462	1
1463	1
1464	1
1465	1
1466	1
1467	1
1468	1
1469	1
1470	1
1471	1
1472	1
1473	1
1474	1
1475	1
1476	1
1477	1
1478	1
1479	1
1480	1
1481	1
1482	1
1483	1
1484	1
1485	1
1486	1
1487	1
1488	1
1489	1
1490	1
1491	1
1492	1
1493	1
1494	1
1495	1
1496	1
1497	1
1498	1
1499	1
1500	1
1501	1
1502	1
1503	1
1504	1
1505	1
1506	1
1507	1
1508	1
1509	1
1510	1
1511	1
1512	1
1513	1
1514	1
1515	1
1516	1
1517	1
1518	1
1519	1
1520	1
1521	1
1522	1
1523	1
1524	1
1525	1
1526	1
1527	1
1528	1
1529	1
1530	1
1531	1
1532	1
1533	1
1534	1
1535	1
1536	1
1537	1
1538	1
1539	1
1540	1
1541	1
1542	1
1543	1
1544	1
1545	1
1546	1
1547	1
1548	1
1549	1
1550	1
1551	1
1552	1
1553	1
1554	1
1555	1
1556	1
1557	1
1558	1
1559	1
1560	1
1561	1
1562	1
1563	1
1564	1
1565	1
1566	1
1567	1
1568	1
1569	1
1570	1
1571	1
1572	1
1573	1
1574	1
1575	1
1576	1
1577	1
1578	1
1579	1
1580	1
1581	1
1582	1
1583	1
1584	1
1585	1
1586	1
1587	1
1588	1
1589	1
1590	1
1591	1
1592	1
1593	1
1594	1
1595	1
1596	1
1597	1
1598	1
1599	1
1600	1
1601	1
1602	1
1603	1
1604	1
1605	1
1606	1
1607	1
1608	1
1609	1
1610	1
1611	1
1612	1
1613	1
1614	1
1615	1
1616	1
1617	1
1618	1
1619	0
1620	0
1621	1
1622	1
1623	1
1624	1
1625	1
1626	1
1627	1
1628	1
1629	1
1630	1
1631	1
1632	1
1633	1
1634	1
1635	1
1636	1
1637	1
1638	1
1639	1
1640	1
1641	1
1642	1
1643	1
1644	1
1645	1
1646	1
1647	1
1648	1
1649	1
1650	1
1651	1
1652	1
1653	1
1654	1
1655	1
1656	1
1657	1
1658	1
1659	1
1660	1
1661	1
1662	1
1663	1
1664	1
1665	1
1666	1
1667	1
1668	1
1669	1
1670	1
1671	1
1672	1
1673	1
1674	1
1675	1
1676	1
1677	1
1678	1
1679	1
1680	1
1681	1
1682	1
1683	1
1684	1
1685	1
1686	1
1687	1
1688	1
1689	1
1690	1
1691	1
1692	1
1693	1
1694	1
1695	1
1696	1
1697	1
1698	1
1699	1
1700	1
1701	1
1702	1
1703	1
1704	1
1705	1
1706	1
1707	1
1708	1
1709	1
1710	1
1711	1
1712	1
1713	1
1714	1
1715	1
1716	1
1717	1
1718	1
1719	1
1720	1
1721	1
1722	1
1723	1
1724	1
1725	1
1726	1
1727	1
1728	1
1729	1
1730	1
1731	1
1732	1
1733	1
1734	1
1735	1
1736	1
1737	1
1738	1
1739	1
1740	1
1741	1
1742	1
1743	1
1744	1
1745	1
1746	1
1747	1
1748	1
1749	1
1750	1
1751	1
1752	1
1753	1
1754	1
1755	1
1756	1
1757	1
1758	1
1759	1
1760	1
1761	1
1762	1
1763	1
1764	1
1765	1
1766	1
1767	1
1768	1
1769	1
1770	1
1771	1
1772	1
1773	1
1774	1
1775	1
1776	1
1777	0
1778	0
1779	1
1780	1
1781	1
1782	1
1783	1
1784	1
1785	1
1786	1
1787	1
1788	1
1789	1
1790	1
1791	1
1792	1
1793	1
1794	1
1795	1
1796	1
1797	1
1798	1
1799	1
1800	1
1801	1
1802	1
1803	1
1804	1
1805	1
1806	1
1807	1
1808	1
1809	1
1810	1
1811	1
1812	1
1813	1
1814	1
1815	1
1816	1
1817	1
1818	1
1819	1
1820	1
1821	1
1822	1
1823	1
1824	1
1825	1
1826	1
1827	1
1828	1
1829	1
1830	1
1831	1
1832	1
1833	1
1834	1
1835	1
1836	1
1837	1
1838	1
1839	1
1840	1
1841	1
1842	1
1843	1
1844	1
1845	1
1846	1
1847	1
1848	1
1849	1
1850	1
1851	1
1852	1
1853	1
1854	1
1855	1
1856	1
1857	1
1858	1
1859	1
1860	1
1861	1
1862	1
1863	1
1864	1
1865	1
1866	1
1867	1
1868	1
1869	1
1870	1
1871	1
1872	1
1873	1
1874	1
1875	1
1876	1
1877	1
1878	0
1879	0
1880	1
1881	1
1882	1
1883	1
1884	1
1885	1
1886	1
1887	1
1888	1
1889	1
1890	1
1891	1
1892	1
1893	1
1894	1
1895	1
1896	1
1897	1
1898	1
1899	1
1900	1
1901	1
1902	1
1903	1
1904	1
1905	1
1906	1
1907	1
1908	1
1909	1
1910	1
1911	1
1912	1
1913	1
1914	1
1915	1
1916	1
1917	1
1918	1
1919	1
1920	1
1921	1
1922	1
1923	1
1924	1
1925	1
1926	1
1927	1
1928	1
1929	1
1930	1
1931	1
1932	1
1933	1
1934	1
1935	1
1936	1
1937	1
1938	1
1939	1
1940	1
1941	1
1942	1
1943	1
1944	1
1945	1
1946	1
1947	1
1948	1
1949	1
1950	1
1951	1
1952	1
1953	1
1954	1
1955	1
1956	1
1957	1
1958	1
1959	1
1960	1
1961	1
1962	1
1963	1
1964	1
1965	1
1966	1
1967	1
1968	1
1969	0
1970	0
1971	0
1972	0
1973	0
1974	0
1975	0
1976	0
1977	0
1978	0
1979	0
1980	0
1981	1
1982	1
1983	1
1984	1
1985	1
1986	1
1987	1
1988	1
1989	1
1990	1
1991	1
1992	1
1993	1
1994	1
1995	1
1996	1
1997	1
1998	1
1999	1
2000	1
2001	1
2002	1
2003	1
2004	1
2005	1
2006	1
2007	1
2008	1
2009	1
2010	1
2011	1
2012	1
2013	1
2014	1
2015	1
2016	1
2017	1
2018	1
2019	1
2020	1
2021	1
2022	1
2023	1
2024	1
2025	1
2026	1
2027	1
2028	1
2029	1
2030	1
2031	1
2032	1
2033	1
2034	1
2035	1
2036	1
2037	1
2038	1
2039	1
2040	1
2041	1
2042	1
2043	1
2044	1
2045	1
2046	1
2047	1
2048	1
2049	1
2050	1
2051	1
2052	1
2053	1
2054	1
2055	1
2056	1
2057	1
2058	1
2059	1
2060	1
2061	1
2062	1
2063	1
2064	1
2065	1
2066	1
2067	1
2068	1
2069	1
2070	1
2071	1
2072	1
2073	1
2074	1
2075	1
2076	1
2077	1
2078	1
2079	1
2080	1
2081	1
2082	1
2083	1
2084	1
2085	1
2086	1
2087	1
2088	1
2089	1
2090	1
2091	1
2092	1
2093	1
2094	1
2095	1
2096	1
2097	1
2098	1
2099	1
2100	1
2101	1
2102	1
2103	1
2104	1
2105	1
2106	1
2107	1
2108	1
2109	1
2110	1
2111	1
2112	1
2113	1
2114	1
2115	1
2116	1
2117	1
2118	1
2119	1
2120	1
2121	1
2122	1
2123	1
2124	1
2125	1
2126	1
2127	1
2128	1
2129	1
2130	1
2131	1
2132	1
2133	1
2134	1
2135	1
2136	1
2137	1
2138	1
2139	1
2140	1
2141	1
2142	1
2143	1
2144	1
2145	1
2146	1
2147	1
2148	1
2149	1
2150	1
2151	1
2152	1
2153	1
2154	1
2155	1
2156	1
2157	1
2158	1
2159	1
2160	1
2161	1
2162	1
2163	1
2164	1
2165	1
2166	1
2167	1
2168	1
2169	1
2170	1
2171	1
2172	1
2173	1
2174	1
2175	1
2176	1
2177	1
2178	1
2179	1
2180	1
2181	1
2182	1
2183	1
2184	1
2185	1
2186	1
2187	1
2188	1
2189	1
2190	1
2191	1
2192	1
2193	1
2194	1
2195	1
2196	1
2197	1
2198	1
2199	1
2200	1
2201	1
2202	1
2203	1
2204	1
2205	1
2206	1
2207	1
2208	1
2209	1
2210	1
2211	1
2212	1
2213	1
2214	1
2215	1
2216	1
2217	1
2218	1
2219	1
2220	1
2221	1
2222	1
2223	1
2224	1
2225	1
2226	1
2227	1
2228	1
2229	1
2230	1
2231	1
2232	1
2233	1
2234	1
2235	1
2236	1
2237	1
2238	1
2239	1
2240	1
2241	1
2242	1
2243	1
2244	1
2245	1
2246	1
2247	1
2248	1
2249	1
2250	1
2251	1
2252	1
2253	1
2254	1
2255	1
2256	1
2257	1
2258	1
2259	1
2260	1
2261	1
2262	1
2263	1
2264	1
2265	1
2266	1
2267	1
2268	0
2269	0
2270	0
2271	0
2272	0
2273	1
2274	1
2275	1
2276	1
2277	1
2278	1
2279	1
2280	1
2281	1
2282	1
2283	1
2284	1
2285	1
2286	1
2287	1
2288	1
2289	1
2290	1
2291	1
2292	1
2293	0
2294	0
2295	1
2296	1
2297	1
2298	1
2299	1
2300	1
2301	1
2302	1
2303	1
2304	1
2305	1
2306	1
2307	1
2308	1
2309	1
2310	1
2311	1
2312	1
2313	1
2314	1
2315	0
2316	0
2317	1
2318	1
2319	1
2320	1
2321	1
2322	1
2323	1
2324	1
2325	1
2326	1
2327	1
2328	1
2329	1
2330	1
2331	1
2332	1
2333	1
2334	1
2335	1
2336	1
2337	0
2338	0
2339	0
2340	0
2341	0
2342	0
2343	0
2344	0
2345	0
2346	0
2347	0
2348	1
2349	1
2350	1
2351	1
2352	1
2353	1
2354	0
2355	0
2356	0
2357	0
2358	0
2359	0
2360	0
2361	0
2362	1
2363	2
2364	2
2365	2
2366	1
2367	2
2368	2
2369	2
2370	1
2371	2
2372	2
2373	2
2374	1
2375	2
2376	2
2377	2
2378	1
2379	2
2380	2
2381	2
2382	1
2383	0
2384	0
2385	1
2386	1
2387	1
2388	1
2389	1
2390	1
2391	1
2392	1
2393	1
2394	1
2395	1
2396	1
2397	1
2398	1
2399	1
2400	1
2401	1
2402	1
2403	1
2404	1
2405	1
2406	1
2407	1
2408	1
2409	1
2410	1
2411	1
2412	1
2413	1
2414	1
2415	1
2416	1
2417	1
2418	1
2419	1
2420	1
2421	1
2422	1
2423	1
2424	1
2425	1
2426	1
2427	1
2428	1
2429	1
2430	1
2431	1
2432	1
2433	1
2434	1
2435	1
2436	1
2437	1
2438	1
2439	1
2440	1
2441	1
2442	1
2443	1
2444	1
2445	1
2446	1
2447	1
2448	1
2449	1
2450	1
2451	1
2452	1
2453	1
2454	1
2455	1
2456	1
2457	1
2458	1
2459	1
2460	1
2461	1
2462	1
2463	1
2464	1
2465	1
2466	1
2467	1
2468	1
2469	1
2470	1
2471	1
2472	1
2473	1
2474	1
2475	1
2476	1
2477	1
2478	1
2479	1
2480	1
2481	1
2482	1
2483	0
2484	0
2485	0
2486	1
2487	1
2488	1
2489	1
2490	1
2491	1
2492	0
2493	0
2494	0
2495	0
2496	0
2497	0
2498	0
2499	0
2500	0
2501	0
2502	0
2503	1
2504	1
2505	1
2506	0
2507	0
2508	1
2509	1
2510	1
2511	0
2512	0
2513	0
2514	0
2515	1
2516	2
2517	1
2518	2
2519	1
2520	2
2521	1
2522	0
2523	0
2524	0
2525	0
2526	1
2527	1
2528	1
2529	1
2530	1
2531	1
2532	0
2533	0
2534	0
2535	0
2536	0
2537	0
2538	0
2539	0
2540	0
2541	0
2542	0
2543	1
2544	1
2545	2
2546	2
2547	2
2548	2
2549	2
2550	2
2551	2
2552	2
2553	2
2554	2
2555	2
2556	2
2557	2
2558	2
2559	2
2560	2
2561	2
2562	2
2563	2
2564	2
2565	2
2566	2
2567	2
2568	2
2569	2
2570	1
2571	0
2572	0
2573	1
2574	1
2575	1
2576	1
2577	1
2578	1
2579	1
2580	1
2581	1
2582	1
2583	1
2584	1
2585	1
2586	1
2587	1
2588	1
2589	1
2590	1
2591	1
2592	1
2593	1
2594	1
2595	2
2596	1
2597	1
2598	1
2599	1
2600	1
2601	1
2602	1
2603	1
2604	1
2605	1
2606	0
2607	0
2608	0
2609	0
2610	0
2611	1
2612	1
2613	0
2614	0
2615	0
2616	1
2617	1
2618	1
2619	0
2620	0
2621	1
2622	1
2623	0
2624	0
2625	0
2626	0
2627	0
2628	1
2629	1
2630	1
2631	1
2632	1
2633	2
2634	3
2635	3
2636	2
2637	1
2638	1
2639	0
2640	0
2641	1
2642	1
2643	1
2644	0
2645	0
2646	0
2647	1
2648	1
2649	1
2650	1
2651	0
2652	0
2653	1
2654	1
2655	1
2656	1
2657	1
2658	1
2659	2
2660	2
2661	1
2662	1
2663	1
2664	1
2665	1
2666	1
2667	1
2668	1
2669	1
2670	1
2671	1
2672	1
2673	1
2674	1
2675	1
2676	1
2677	1
2678	1
2679	1
2680	1
2681	1
2682	1
2683	1
2684	1
2685	1
2686	1
2687	0
2688	0
2689	0
2690	0
2691	0
2692	1
2693	1
2694	2
2695	2
2696	2
2697	2
2698	2
2699	2
2700	1
2701	2
2702	2
2703	2
2704	2
2705	3
2706	3
2707	3
2708	3
2709	3
2710	2
2711	1
2712	2
2713	2
2714	2
2715	2
2716	1
2717	0
2718	0
2719	1
2720	1
2721	0
2722	1
2723	1
2724	1
2725	0
2726	0
2727	0
2728	0
2729	0
2730	0
2731	0
2732	0
2733	0
2734	0
2735	0
2736	0
2737	0
2738	0
2739	1
2740	2
2741	2
2742	2
2743	1
2744	0
2745	0
2746	0
2747	1
2748	1
2749	1
2750	1
2751	2
2752	2
2753	3
2754	3
2755	3
2756	3
2757	2
2758	1
2759	1
2760	0
2761	0
2762	0
2763	1
2764	1
2765	1
2766	1
2767	0
2768	0
2769	0
2770	1
2771	1
2772	1
2773	2
2774	2
2775	2
2776	2
2777	2
2778	2
2779	2
2780	1
2781	1
2782	0
2783	0
2784	0
2785	1
2786	1
2787	1
2788	1
2789	1
2790	1
2791	0
2792	0
2793	0
2794	1
2795	1
2796	0
2797	0
2798	0
2799	0
2800	0
2801	1
2802	1
2803	2
2804	2
2805	3
2806	3
2807	2
2808	2
2809	1
2810	1
2811	2
2812	2
2813	2
2814	2
2815	1
2816	1
2817	0
2818	0
2819	1
2820	1
2821	1
2822	1
2823	1
2824	1
2825	1
2826	0
2827	0
2828	0
2829	0
2830	1
2831	1
2832	1
2833	1
2834	1
2835	1
2836	1
2837	2
2838	2
2839	2
2840	3
2841	3
2842	3
2843	2
2844	3
2845	3
2846	3
2847	2
2848	1
2849	1
2850	0
2851	0
2852	0
2853	0
2854	0
2855	0
2856	0
2857	0
2858	1
2859	1
2860	1
2861	1
2862	1
2863	1
2864	0
2865	0
2866	1
2867	1
2868	1
2869	1
2870	0
2871	0
2872	1
2873	1
2874	1
2875	1
2876	0
2877	0
2878	1
2879	1
2880	1
2881	1
2882	0
2883	0
2884	0
2885	0
2886	0
2887	0
2888	1
2889	1
2890	1
2891	0
2892	0
2893	0
2894	0
2895	0
2896	1
2897	1
2898	1
2899	1
2900	1
2901	1
2902	1
2903	1
2904	1
2905	1
2906	1
2907	1
2908	1
2909	1
2910	0
2911	0
2912	0
2913	0
2914	1
2915	1
2916	0
2917	0
2918	0
2919	0
2920	0
2921	0
2922	0
2923	0
2924	0
2925	0
2926	0
2927	0
2928	0
2929	0
2930	0
2931	0
2932	0
2933	0
2934	0
2935	0
2936	1
2937	1
2938	1
2939	1
2940	2
2941	2
2942	2
2943	2
2944	2
2945	1
2946	1
2947	1
2948	1
2949	1
2950	1
2951	1
2952	2
2953	2
2954	2
2955	1
2956	1
2957	1
2958	1
2959	1
2960	1
2961	1
2962	1
2963	1
2964	1
2965	1
2966	1
2967	1
2968	1
2969	1
2970	0
2971	0
2972	0
2973	0
2974	0
2975	0
2976	1
2977	1
2978	1
2979	1
2980	2
2981	2
2982	1
2983	1
2984	1
2985	1
2986	1
2987	1
2988	1
2989	1
2990	1
2991	2
2992	2
2993	2
2994	2
2995	2
2996	1
2997	0
2998	0
2999	0
3000	1
3001	1
3002	1
3003	1
3004	1
3005	1
3006	1
3007	1
3008	1
3009	2
3010	3
3011	3
3012	2
3013	1
3014	1
3015	1
3016	2
3017	2
3018	2
3019	2
3020	1
3021	1
3022	0
3023	0
3024	0
3025	1
3026	1
3027	2
3028	2
3029	2
3030	2
3031	1
3032	1
3033	0
3034	0
3035	0
3036	0
3037	0
3038	0
3039	0
3040	0
3041	0
3042	0
3043	0
3044	0
3045	1
3046	1
3047	1
3048	1
3049	1
3050	0
3051	0
3052	0
3053	1
3054	1
3055	1
3056	1
3057	1
3058	1
3059	1
3060	1
3061	1
3062	0
3063	0
3064	0
3065	0
3066	0
3067	0
3068	0
3069	0
3070	0
3071	0
3072	1
3073	1
3074	1
3075	1
3076	1
3077	0
3078	0
3079	0
3080	1
3081	1
3082	1
3083	1
3084	1
3085	1
3086	2
3087	2
3088	2
3089	1
3090	0
3091	0
3092	0
3093	0
3094	1
3095	1
3096	1
3097	1
3098	2
3099	2
3100	2
3101	2
3102	2
3103	2
3104	1
3105	1
3106	2
3107	2
3108	2
3109	1
3110	0
3111	0
3112	0
3113	1
3114	1
3115	1
3116	1
3117	1
3118	1
3119	1
3120	0
3121	0
3122	0
3123	1
3124	1
3125	1
3126	1
3127	0
3128	0
3129	0
3130	1
3131	1
3132	2
3133	2
3134	2
3135	2
3136	2
3137	2
3138	2
3139	2
3140	2
3141	2
3142	2
3143	3
3144	3
3145	3
3146	3
3147	3
3148	2
3149	2
3150	1
3151	0
3152	0
3153	0
3154	0
3155	0
3156	0
3157	1
3158	1
3159	1
3160	1
3161	2
3162	2
3163	2
3164	2
3165	2
3166	1
3167	1
3168	0
3169	0
3170	0
3171	0
3172	0
3173	0
3174	1
3175	1
3176	1
3177	2
3178	2
3179	2
3180	2
3181	2
3182	1
3183	1
3184	1
3185	2
3186	2
3187	2
3188	2
3189	2
3190	2
3191	2
3192	2
3193	2
3194	2
3195	2
3196	2
3197	2
3198	3
3199	3
3200	3
3201	3
3202	3
3203	3
3204	3
3205	2
3206	2
3207	2
3208	2
3209	2
3210	2
3211	1
3212	1
3213	1
3214	2
3215	2
3216	2
3217	2
3218	2
3219	1
3220	1
3221	1
3222	2
3223	2
3224	2
3225	2
3226	2
3227	1
3228	1
3229	1
3230	2
3231	2
3232	2
3233	2
3234	3
3235	3
3236	3
3237	3
3238	4
3239	4
3240	4
3241	4
3242	4
3243	3
3244	3
3245	3
3246	3
3247	4
3248	4
3249	5
3250	5
3251	6
3252	6
3253	6
3254	6
3255	5
3256	5
3257	5
3258	5
3259	5
3260	4
3261	4
3262	4
3263	4
3264	3
3265	3
3266	3
3267	3
3268	3
3269	2
3270	1
3271	0
3272	0
3273	0
3274	1
3275	1
3276	1
3277	1
3278	0
3279	0
3280	1
3281	1
3282	0
3283	0
3284	0
3285	0
3286	0
3287	0
3288	0
3289	0
3290	0
3291	0
3292	0
3293	0
3294	1
3295	1
3296	2
3297	2
3298	2
3299	2
3300	2
3301	2
3302	1
3303	0
3304	0
3305	1
3306	1
3307	1
3308	0
3309	0
3310	1
3311	1
3312	1
3313	1
3314	1
3315	2
3316	2
3317	2
3318	2
3319	2
3320	2
3321	2
3322	2
3323	1
3324	0
3325	0
3326	0
3327	0
3328	0
3329	0
3330	0
3331	0
3332	0
3333	0
3334	0
3335	0
3336	0
3337	0
3338	1
3339	1
3340	1
3341	1
3342	1
3343	1
3344	1
3345	1
3346	1
3347	2
3348	2
3349	2
3350	1
3351	1
3352	1
3353	2
3354	2
3355	2
3356	3
3357	4
3358	4
3359	4
3360	3
3361	2
3362	2
3363	2
3364	2
3365	3
3366	3
3367	2
3368	2
3369	1
3370	1
3371	1
3372	1
3373	2
3374	2
3375	2
3376	2
3377	3
3378	3
3379	3
3380	4
3381	4
3382	3
3383	3
3384	2
3385	2
3386	1
3387	1
3388	2
3389	2
3390	2
3391	2
3392	1
3393	1
3394	1
3395	1
3396	2
3397	2
3398	2
3399	3
3400	3
3401	3
3402	3
3403	3
3404	3
3405	3
3406	3
3407	3
3408	2
3409	1
3410	1
3411	1
3412	2
3413	2
3414	2
3415	3
3416	3
3417	3
3418	3
3419	3
3420	3
3421	3
3422	2
3423	1
3424	1
3425	2
3426	2
3427	2
3428	3
3429	3
3430	3
3431	2
3432	1
3433	1
3434	2
3435	2
3436	2
3437	1
3438	0
3439	0
3440	0
3441	1
3442	1
3443	1
3444	1
3445	1
3446	1
3447	1
3448	1
3449	0
3450	0
3451	0
3452	1
3453	1
3454	1
3455	1
3456	1
3457	1
3458	2
3459	3
3460	3
3461	2
3462	2
3463	2
3464	2
3465	2
3466	2
3467	2
3468	1
3469	1
3470	1
3471	1
3472	1
3473	1
3474	1
3475	0
3476	0
3477	0
3478	0
3479	0
3480	0
3481	0
3482	0
3483	1
3484	1
3485	1
3486	1
3487	1
3488	2
3489	2
3490	2
3491	1
3492	1
3493	1
3494	2
3495	2
3496	2
3497	1
3498	1
3499	2
3500	2
3501	2
3502	2
3503	3
3504	3
3505	3
3506	3
3507	3
3508	3
3509	3
3510	3
3511	3
3512	3
3513	3
3514	3
3515	2
3516	1
3517	1
3518	1
3519	0
3520	0
3521	0
3522	1
3523	1
3524	1
3525	2
3526	2
3527	2
3528	2
3529	2
3530	1
3531	0
3532	0
3533	0
3534	0
3535	0
3536	0
3537	0
3538	0
3539	0
3540	0
3541	0
3542	0
3543	1
3544	1
3545	1
3546	1
3547	2
3548	2
3549	2
3550	2
3551	2
3552	2
3553	2
3554	2
3555	2
3556	2
3557	2
3558	2
3559	2
3560	1
3561	0
3562	0
3563	0
3564	0
3565	0
3566	0
3567	0
3568	0
3569	1
3570	1
3571	1
3572	1
3573	1
3574	1
3575	0
3576	0
3577	0
3578	0
3579	1
3580	1
3581	1
3582	1
3583	1
3584	1
3585	0
3586	0
3587	1
3588	1
3589	1
3590	1
3591	1
3592	0
3593	0
3594	1
3595	1
3596	1
3597	1
3598	1
3599	2
3600	2
3601	2
3602	2
3603	2
3604	1
3605	2
3606	2
3607	2
3608	1
3609	0
3610	0
3611	1
3612	2
3613	2
3614	2
3615	2
3616	2
3617	2
3618	1
3619	0
3620	0
3621	0
3622	0
3623	0
3624	0
3625	0
3626	1
3627	1
3628	1
3629	1
3630	2
3631	2
3632	2
3633	1
3634	2
3635	2
3636	2
3637	1
3638	1
3639	1
3640	1
3641	0
3642	0
3643	0
3644	0
3645	0
3646	0
3647	0
3648	0
3649	0
3650	1
3651	1
3652	1
3653	1
3654	1
3655	1
3656	1
3657	1
3658	1
3659	1
3660	1
3661	1
3662	2
3663	2
3664	2
3665	2
3666	1
3667	1
3668	0
3669	0
3670	1
3671	1
3672	1
3673	1
3674	1
3675	1
3676	1
3677	2
3678	2
3679	2
3680	1
3681	0
3682	0
3683	0
3684	1
3685	1
3686	1
3687	1
3688	0
3689	0
3690	1
3691	1
3692	1
3693	1
3694	2
3695	2
3696	2
3697	2
3698	2
3699	1
3700	2
3701	2
3702	2
3703	2
3704	1
3705	1
3706	1
3707	2
3708	2
3709	2
3710	2
3711	1
3712	1
3713	1
3714	1
3715	1
3716	1
3717	1
3718	1
3719	0
3720	0
3721	0
3722	1
3723	1
3724	1
3725	0
3726	0
3727	0
3728	1
3729	1
3730	1
3731	1
3732	1
3733	1
3734	1
3735	2
3736	2
3737	2
3738	2
3739	2
3740	1
3741	1
3742	0
3743	0
3744	0
3745	0
3746	0
3747	0
3748	0
3749	0
3750	0
3751	0
3752	0
3753	0
3754	0
3755	0
3756	0
3757	0
3758	0
3759	0
3760	0
3761	0
3762	0
3763	0
3764	0
3765	1
3766	1
3767	1
3768	1
3769	1
3770	1
3771	1
3772	2
3773	2
3774	3
3775	3
3776	2
3777	1
3778	1
3779	1
3780	2
3781	2
3782	2
3783	2
3784	2
3785	2
3786	2
3787	2
3788	2
3789	2
3790	2
3791	2
3792	1
3793	1
3794	1
3795	2
3796	2
3797	2
3798	1
3799	1
3800	2
3801	2
3802	2
3803	2
3804	2
3805	1
3806	1
3807	1
3808	1
3809	1
3810	2
3811	2
3812	1
3813	1
3814	2
3815	3
3816	3
3817	4
3818	4
3819	4
3820	3
3821	2
3822	1
3823	1
3824	2
3825	2
3826	2
3827	2
3828	1
3829	0
3830	0
3831	0
3832	1
3833	1
3834	1
3835	1
3836	1
3837	1
3838	1
3839	2
3840	2
3841	2
3842	3
3843	3
3844	3
3845	3
3846	3
3847	2
3848	2
3849	1
3850	1
3851	1
3852	1
3853	0
3854	0
3855	0
3856	1
3857	1
3858	1
3859	1
3860	1
3861	1
3862	1
3863	1
3864	0
3865	0
3866	0
3867	0
3868	0
3869	0
3870	0
3871	0
3872	1
3873	1
3874	1
3875	1
3876	1
3877	1
3878	2
3879	2
3880	2
3881	2
3882	2
3883	1
3884	1
3885	1
3886	1
3887	1
3888	1
3889	1
3890	1
3891	1
3892	1
3893	1
3894	0
3895	0
3896	0
3897	0
3898	0
3899	0
3900	0
3901	0
3902	0
3903	0
3904	0
3905	0
3906	0
3907	0
3908	0
3909	0
3910	0
3911	0
3912	1
3913	2
3914	2
3915	1
3916	1
3917	0
3918	0
3919	1
3920	1
3921	1
3922	0
3923	0
3924	0
3925	0
3926	0
3927	1
3928	1
3929	1
3930	1
3931	1
3932	1
3933	1
3934	1
3935	1
3936	1
3937	1
3938	1
3939	1
3940	1
3941	1
3942	1
3943	1
3944	1
3945	1
3946	1
3947	1
3948	1
3949	1
3950	1
3951	1
3952	1
3953	1
3954	1
3955	1
3956	1
3957	1
3958	1
3959	1
3960	1
3961	1
3962	1
3963	1
3964	1
3965	1
3966	1
3967	2
3968	2
3969	2
3970	2
3971	2
3972	2
3973	2
3974	1
3975	1
3976	2
3977	2
3978	2
3979	2
3980	1
3981	2
3982	2
3983	2
3984	1
3985	1
3986	1
3987	1
3988	1
3989	0
3990	0
3991	1
3992	1
3993	1
3994	1
3995	1
3996	1
3997	1
3998	1
3999	1
4000	1
4001	1
4002	1
4003	0
4004	0
4005	1
4006	1
4007	1
4008	1
4009	2
4010	3
4011	3
4012	3
4013	3
4014	3
4015	3
4016	3
4017	3
4018	3
4019	3
4020	3
4021	3
4022	3
4023	3
4024	3
4025	3
4026	3
4027	4
4028	4
4029	4
4030	3
4031	3
4032	3
4033	2
4034	2
4035	2
4036	2
4037	2
4038	2
4039	2
4040	2
4041	2
4042	2
4043	1
4044	0
4045	0
4046	1
4047	2
4048	2
4049	2
4050	2
4051	2
4052	2
4053	2
4054	2
4055	2
4056	2
4057	2
4058	2
4059	2
4060	2
4061	2
4062	1
4063	1
4064	1
4065	0
4066	0
4067	1
4068	1
4069	1
4070	1
4071	1
4072	1
4073	1
4074	1
4075	1
4076	1
4077	0
4078	0
4079	1
4080	1
4081	1
4082	1
4083	0
4084	0
4085	1
4086	1
4087	1
4088	1
4089	1
4090	0
4091	0
4092	1
4093	1
4094	1
4095	1
4096	1
4097	1
4098	2
4099	2
4100	2
4101	2
4102	2
4103	2
4104	2
4105	2
4106	2
4107	2
4108	2
4109	2
4110	2
4111	2
4112	2
4113	2
4114	2
4115	2
4116	1
4117	1
4118	1
4119	1
4120	1
4121	0
4122	0
4123	1
4124	1
4125	1
4126	1
4127	2
4128	2
4129	2
4130	2
4131	2
4132	2
4133	2
4134	2
4135	2
4136	2
4137	2
4138	1
4139	1
4140	1
4141	0
4142	0
4143	1
4144	1
4145	1
4146	1
4147	1
4148	1
4149	1
4150	1
4151	1
4152	1
4153	1
4154	1
4155	1
4156	1
4157	1
4158	1
4159	1
4160	1
4161	1
4162	2
4163	2
4164	2
4165	2
4166	1
4167	1
4168	1
4169	1
4170	1
4171	1
4172	1
4173	1
4174	0
4175	0
4176	0
4177	0
4178	0
4179	0
4180	0
4181	1
4182	1
4183	1
4184	0
4185	0
4186	0
4187	0
4188	0
4189	0
4190	1
4191	1
4192	1
4193	1
4194	1
4195	1
4196	1
4197	1
4198	1
4199	1
4200	2
4201	2
4202	2
4203	2
4204	2
4205	1
4206	1
4207	0
4208	0
4209	1
4210	1
4211	1
4212	1
4213	1
4214	1
4215	1
4216	1
4217	1
4218	1
4219	1
4220	2
4221	2
4222	2
4223	2
4224	2
4225	2
4226	2
4227	2
4228	2
4229	2
4230	2
4231	2
4232	2
4233	1
4234	1
4235	1
4236	1
4237	1
4238	1
4239	1
4240	1
4241	1
4242	1
4243	0
4244	0
4245	0
4246	1
4247	1
4248	1
4249	1
4250	2
4251	2
4252	2
4253	3
4254	3
4255	3
4256	3
4257	2
4258	1
4259	1
4260	1
4261	1
4262	2
4263	2
4264	2
4265	2
4266	2
4267	2
4268	2
4269	2
4270	1
4271	0
4272	0
4273	1
4274	1
4275	0
4276	0
4277	0
4278	0
4279	1
4280	1
4281	1
4282	1
4283	1
4284	1
4285	1
4286	1
4287	2
4288	3
4289	2
4290	1
4291	1
4292	0
4293	0
4294	1
4295	1
4296	1
4297	2
4298	2
4299	2
4300	2
4301	2
4302	2
4303	2
4304	2
4305	2
4306	3
4307	3
4308	3
4309	3
4310	3
4311	3
4312	3
4313	3
4314	2
4315	1
4316	0
4317	0
4318	0
4319	0
4320	0
4321	0
4322	0
4323	0
4324	1
4325	1
4326	2
4327	2
4328	2
4329	1
4330	0
4331	0
4332	1
4333	1
4334	1
4335	2
4336	2
4337	2
4338	2
4339	3
4340	3
4341	3
4342	3
4343	3
4344	3
4345	3
4346	3
4347	2
4348	2
4349	2
4350	2
4351	2
4352	2
4353	2
4354	2
4355	1
4356	1
4357	2
4358	2
4359	2
4360	2
4361	3
4362	3
4363	3
4364	3
4365	3
4366	3
4367	2
4368	2
4369	2
4370	2
4371	2
4372	2
4373	2
4374	2
4375	2
4376	2
4377	2
4378	2
4379	1
4380	1
4381	2
4382	2
4383	3
4384	3
4385	3
4386	3
4387	3
4388	3
4389	2
4390	2
4391	2
4392	2
4393	2
4394	2
4395	3
4396	3
4397	4
4398	4
4399	4
4400	4
4401	4
4402	4
4403	3
4404	3
4405	3
4406	3
4407	3
4408	4
4409	4
4410	3
4411	4
4412	4
4413	4
4414	4
4415	4
4416	3
4417	2
4418	2
4419	2
4420	2
4421	2
4422	1
4423	1
4424	1
4425	2
4426	2
4427	2
4428	2
4429	2
4430	1
4431	1
4432	1
4433	2
4434	2
4435	2
4436	2
4437	2
4438	1
4439	1
4440	1
4441	2
4442	2
4443	2
4444	2
4445	2
4446	1
4447	0
4448	0
4449	1
4450	2
4451	2
4452	2
4453	1
4454	1
4455	1
4456	1
4457	1
4458	1
4459	1
4460	0
4461	0
4462	0
4463	1
4464	1
4465	1
4466	1
4467	2
4468	2
4469	2
4470	2
4471	2
4472	2
4473	2
4474	2
4475	2
4476	2
4477	1
4478	1
4479	1
4480	1
4481	1
4482	1
4483	0
4484	0
4485	0
4486	0
4487	1
4488	1
4489	2
4490	2
4491	2
4492	2
4493	1
4494	1
4495	1
4496	0
4497	0
4498	1
4499	1
4500	1
4501	0
4502	0
4503	1
4504	1
4505	1
4506	1
4507	1
4508	1
4509	1
4510	2
4511	2
4512	2
4513	1
4514	1
4515	1
4516	1
4517	1
4518	1
4519	0
4520	0
4521	1
4522	1
4523	1
4524	1
4525	1
4526	1
4527	1
4528	0
4529	0
4530	0
4531	1
4532	1
4533	1
4534	2
4535	2
4536	2
4537	2
4538	2
4539	2
4540	1
4541	1
4542	1
4543	0
4544	0
4545	0
4546	1
4547	1
4548	1
4549	1
4550	1
4551	1
4552	1
4553	1
4554	1
4555	1
4556	1
4557	0
4558	0
4559	0
4560	0
4561	1
4562	1
4563	1
4564	1
4565	1
4566	1
4567	1
4568	1
4569	1
4570	1
4571	1
4572	1
4573	1
4574	1
4575	1
4576	1
4577	1
4578	1
4579	1
4580	1
4581	1
4582	1
4583	1
4584	1
4585	2
4586	2
4587	2
4588	1
4589	1
4590	1
4591	1
4592	1
4593	1
4594	1
4595	1
4596	1
4597	1
4598	1
4599	1
4600	1
4601	1
4602	1
4603	1
4604	2
4605	2
4606	1
4607	0
4608	0
4609	1
4610	1
4611	1
4612	1
4613	1
4614	1
4615	1
4616	1
4617	1
4618	1
4619	0
4620	0
4621	0
4622	1
4623	1
4624	1
4625	1
4626	1
4627	0
4628	0
4629	0
4630	0
4631	1
4632	2
4633	2
4634	2
4635	1
4636	1
4637	0
4638	0
4639	0
4640	1
4641	1
4642	1
4643	1
4644	1
4645	0
4646	0
4647	0
4648	1
4649	1
4650	1
4651	1
4652	1
4653	1
4654	1
4655	0
4656	0
4657	0
4658	0
4659	1
4660	1
4661	1
4662	1
4663	1
4664	1
4665	1
4666	1
4667	0
4668	0
4669	0
4670	0
4671	0
4672	0
4673	0
4674	0
4675	0
4676	0
4677	0
4678	1
4679	1
4680	1
4681	1
4682	1
4683	1
4684	1
4685	1
4686	1
4687	1
4688	1
4689	1
4690	1
4691	1
4692	2
4693	2
4694	2
4695	2
4696	2
4697	2
4698	2
4699	2
4700	2
4701	2
4702	3
4703	4
4704	4
4705	4
4706	4
4707	4
4708	4
4709	4
4710	4
4711	4
4712	5
4713	5
4714	5
4715	5
4716	5
4717	5
4718	6
4719	6
4720	6
4721	6
4722	5
4723	4
4724	3
4725	2
4726	2
4727	1
4728	1
4729	1
4730	1
4731	1
4732	2
4733	2
4734	2
4735	2
4736	2
4737	2
4738	2
4739	2
4740	2
4741	2
4742	2
4743	2
4744	2
4745	2
4746	3
4747	3
4748	4
4749	4
4750	4
4751	4
4752	3
4753	2
4754	2
4755	1
4756	1
4757	1
4758	1
4759	1
4760	1
4761	1
4762	1
4763	1
4764	1
4765	1
4766	1
4767	1
4768	1
4769	1
4770	1
4771	1
4772	1
4773	1
4774	0
4775	0
4776	0
4777	1
4778	1
4779	1
4780	1
4781	0
4782	0
4783	0
4784	1
4785	1
4786	1
4787	1
4788	1
4789	2
4790	2
4791	2
4792	2
4793	2
4794	2
4795	1
4796	0
4797	0
4798	0
4799	0
4800	0
4801	0
4802	0
4803	0
4804	0
4805	0
4806	0
4807	1
4808	1
4809	1
4810	1
4811	1
4812	2
4813	2
4814	2
4815	2
4816	3
4817	3
4818	4
4819	4
4820	4
4821	4
4822	4
4823	4
4824	3
4825	3
4826	3
4827	3
4828	3
4829	3
4830	3
4831	3
4832	3
4833	3
4834	3
4835	3
4836	3
4837	3
4838	3
4839	3
4840	3
4841	3
4842	3
4843	3
4844	4
4845	4
4846	4
4847	4
4848	4
4849	4
4850	4
4851	4
4852	4
4853	5
4854	5
4855	5
4856	5
4857	5
4858	5
4859	5
4860	5
4861	5
4862	5
4863	4
4864	3
4865	2
4866	1
4867	1
4868	2
4869	2
4870	2
4871	2
4872	2
4873	1
4874	0
4875	0
4876	1
4877	1
4878	1
4879	1
4880	1
4881	1
4882	1
4883	1
4884	1
4885	1
4886	1
4887	1
4888	0
4889	0
4890	0
4891	0
4892	0
4893	1
4894	1
4895	1
4896	1
4897	1
4898	1
4899	1
4900	1
4901	1
4902	1
4903	1
4904	1
4905	1
4906	1
4907	1
4908	1
4909	2
4910	2
4911	2
4912	3
4913	3
4914	3
4915	2
4916	2
4917	2
4918	2
4919	2
4920	2
4921	2
4922	2
4923	2
4924	2
4925	2
4926	2
4927	2
4928	2
4929	2
4930	2
4931	2
4932	2
4933	2
4934	2
4935	2
4936	2
4937	2
4938	2
4939	1
4940	1
4941	1
4942	1
4943	1
4944	2
4945	2
4946	2
4947	1
4948	2
4949	2
4950	3
4951	3
4952	3
4953	2
4954	1
4955	1
4956	1
4957	1
4958	1
4959	1
4960	1
4961	1
4962	1
4963	1
4964	1
4965	1
4966	1
4967	0
4968	0
4969	0
4970	0
4971	1
4972	1
4973	1
4974	1
4975	1
4976	2
4977	2
4978	2
4979	2
4980	1
4981	1
4982	1
4983	2
4984	2
4985	2
4986	2
4987	2
4988	2
4989	2
4990	2
4991	2
4992	1
4993	1
4994	1
4995	1
4996	1
4997	1
4998	1
4999	1
5000	1
5001	1
5002	1
5003	2
5004	2
5005	2
5006	2
5007	1
5008	1
5009	1
5010	2
5011	2
5012	2
5013	1
5014	1
5015	0
5016	0
5017	0
5018	0
5019	0
5020	1
5021	1
5022	1
5023	1
5024	1
5025	1
5026	1
5027	1
5028	1
5029	1
5030	1
5031	1
5032	2
5033	2
5034	2
5035	2
5036	3
5037	3
5038	3
5039	3
5040	3
5041	3
5042	2
5043	2
5044	2
5045	2
5046	2
5047	2
5048	2
5049	2
5050	2
5051	2
5052	1
5053	2
5054	2
5055	2
5056	2
5057	2
5058	2
5059	1
5060	2
5061	2
5062	2
5063	2
5064	2
5065	2
5066	1
5067	1
5068	1
5069	1
5070	1
5071	0
5072	0
5073	1
5074	1
5075	1
5076	1
5077	1
5078	1
5079	1
5080	1
5081	1
5082	1
5083	1
5084	1
5085	1
5086	1
5087	1
5088	1
5089	1
5090	1
5091	1
5092	1
5093	1
5094	1
5095	1
5096	1
5097	2
5098	2
5099	2
5100	1
5101	1
5102	1
5103	1
5104	1
5105	0
5106	0
5107	0
5108	0
5109	0
5110	0
5111	0
5112	0
5113	0
5114	0
5115	0
5116	0
5117	0
5118	0
5119	0
5120	0
5121	0
5122	0
5123	1
5124	1
5125	1
5126	1
5127	1
5128	1
5129	1
5130	1
5131	1
5132	2
5133	2
5134	2
5135	2
5136	1
5137	1
5138	2
5139	3
5140	3
5141	3
5142	3
5143	3
5144	3
5145	3
5146	3
5147	2
5148	1
5149	0
5150	0
5151	1
5152	1
5153	2
5154	1
5155	0
5156	0
5157	1
5158	2
5159	2
5160	2
5161	3
5162	3
5163	4
5164	4
5165	4
5166	4
5167	3
5168	2
5169	1
5170	0
5171	0
5172	0
5173	1
5174	1
5175	1
5176	1
5177	0
5178	0
5179	0
5180	1
5181	2
5182	2
5183	2
5184	2
5185	2
5186	2
5187	2
5188	2
5189	2
5190	2
5191	2
5192	2
5193	2
5194	1
5195	0
5196	0
5197	1
5198	1
5199	1
5200	1
5201	1
5202	1
5203	1
5204	2
5205	2
5206	2
5207	2
5208	2
5209	2
5210	1
5211	2
5212	3
5213	3
5214	2
5215	1
5216	2
5217	2
5218	2
5219	2
5220	2
5221	2
5222	2
5223	2
5224	1
5225	0
5226	0
5227	0
5228	0
5229	0
5230	0
5231	1
5232	1
5233	1
5234	1
5235	0
5236	0
5237	1
5238	1
5239	1
5240	1
5241	1
5242	1
5243	1
5244	1
5245	1
5246	1
5247	1
5248	1
5249	1
5250	1
5251	1
5252	1
5253	2
5254	3
5255	4
5256	4
5257	4
5258	3
5259	2
5260	1
5261	1
5262	2
5263	2
5264	2
5265	1
5266	1
5267	2
5268	2
5269	2
5270	3
5271	3
5272	3
5273	2
5274	2
5275	2
5276	1
5277	1
5278	1
5279	0
5280	0
5281	0
5282	1
5283	1
5284	1
5285	2
5286	2
5287	2
5288	2
5289	1
5290	1
5291	1
5292	2
5293	2
5294	2
5295	2
5296	2
5297	1
5298	1
5299	2
5300	3
5301	3
5302	3
5303	2
5304	3
5305	3
5306	2
5307	1
5308	1
5309	1
5310	1
5311	1
5312	1
5313	1
5314	1
5315	1
5316	1
5317	1
5318	1
5319	1
5320	1
5321	1
5322	0
5323	0
5324	1
5325	1
5326	1
5327	1
5328	1
5329	1
5330	0
5331	0
5332	0
5333	0
5334	1
5335	1
5336	1
5337	1
5338	1
5339	1
5340	1
5341	1
5342	1
5343	1
5344	0
5345	0
5346	1
5347	1
5348	2
5349	2
5350	2
5351	2
5352	1
5353	2
5354	2
5355	2
5356	1
5357	0
5358	0
5359	0
5360	1
5361	1
5362	1
5363	1
5364	1
5365	1
5366	1
5367	2
5368	2
5369	2
5370	2
5371	2
5372	2
5373	2
5374	2
5375	2
5376	2
5377	2
5378	2
5379	2
5380	2
5381	2
5382	2
5383	2
5384	2
5385	2
5386	2
5387	2
5388	2
5389	2
5390	2
5391	2
5392	2
5393	2
5394	2
5395	2
5396	2
5397	2
5398	2
5399	2
5400	2
5401	2
5402	1
5403	1
5404	1
5405	2
5406	2
5407	2
5408	1
5409	1
5410	0
5411	0
5412	1
5413	1
5414	1
5415	1
5416	1
5417	1
5418	0
5419	0
5420	0
5421	0
5422	1
5423	1
5424	1
5425	1
5426	1
5427	1
5428	1
5429	1
5430	1
5431	1
5432	1
5433	1
5434	1
5435	0
5436	0
5437	1
5438	2
5439	2
5440	2
5441	2
5442	2
5443	2
5444	2
5445	2
5446	2
5447	1
5448	2
5449	2
5450	2
5451	2
5452	2
5453	2
5454	1
5455	1
5456	1
5457	1
5458	2
5459	2
5460	2
5461	2
5462	2
5463	2
5464	2
5465	2
5466	2
5467	1
5468	1
5469	1
5470	1
5471	0
5472	0
5473	1
5474	1
5475	1
5476	1
5477	1
5478	1
5479	1
5480	0
5481	0
5482	1
5483	1
5484	1
5485	1
5486	1
5487	1
5488	1
5489	0
5490	0
5491	1
5492	1
5493	1
5494	1
5495	1
5496	1
5497	0
5498	0
5499	0
5500	1
5501	1
5502	2
5503	2
5504	2
5505	2
5506	2
5507	2
5508	3
5509	3
5510	3
5511	3
5512	3
5513	3
5514	3
5515	3
5516	3
5517	3
5518	3
5519	2
5520	2
5521	2
5522	1
5523	0
5524	0
5525	0
5526	0
5527	0
5528	1
5529	1
5530	2
5531	2
5532	2
5533	2
5534	1
5535	1
5536	1
5537	1
5538	1
5539	1
5540	0
5541	0
5542	1
5543	1
5544	1
5545	1
5546	2
5547	2
5548	2
5549	2
5550	3
5551	3
5552	3
5553	3
5554	3
5555	3
5556	3
5557	3
5558	3
5559	2
5560	2
5561	1
5562	1
5563	0
5564	0
5565	1
5566	1
5567	1
5568	1
5569	1
5570	1
5571	1
5572	1
5573	1
5574	1
5575	1
5576	1
5577	1
5578	1
5579	1
5580	0
5581	0
5582	0
5583	0
5584	0
5585	1
5586	1
5587	1
5588	1
5589	0
5590	0
5591	1
5592	1
5593	1
5594	1
5595	1
5596	1
5597	0
5598	0
5599	1
5600	1
5601	1
5602	1
5603	1
5604	1
5605	1
5606	1
5607	1
5608	1
5609	1
5610	1
5611	1
5612	2
5613	2
5614	2
5615	2
5616	1
5617	1
5618	0
5619	0
5620	1
5621	1
5622	1
5623	0
5624	0
5625	1
5626	1
5627	1
5628	1
5629	0
5630	0
5631	0
5632	0
5633	0
5634	1
5635	1
5636	1
5637	1
5638	0
5639	0
5640	1
5641	1
5642	1
5643	1
5644	1
5645	1
5646	1
5647	1
5648	1
5649	1
5650	1
5651	1
5652	1
5653	1
5654	1
5655	1
5656	1
5657	1
5658	0
5659	0
5660	0
5661	0
5662	0
5663	1
5664	2
5665	2
5666	2
5667	2
5668	2
5669	2
5670	2
5671	3
5672	3
5673	3
5674	3
5675	3
5676	2
5677	2
5678	2
5679	2
5680	1
5681	0
5682	0
5683	1
5684	2
5685	2
5686	2
5687	1
5688	1
5689	1
5690	1
5691	1
5692	1
5693	1
5694	1
5695	1
5696	1
5697	1
5698	1
5699	1
5700	1
5701	0
5702	0
5703	1
5704	1
5705	1
5706	1
5707	1
5708	1
5709	1
5710	1
5711	1
5712	1
5713	1
5714	1
5715	1
5716	1
5717	1
5718	0
5719	0
5720	1
5721	1
5722	1
5723	1
5724	1
5725	1
5726	1
5727	1
5728	1
5729	1
5730	1
5731	1
5732	1
5733	1
5734	1
5735	1
5736	1
5737	1
5738	0
5739	0
5740	0
5741	1
5742	2
5743	2
5744	2
5745	1
5746	0
5747	0
5748	0
5749	0
5750	0
5751	0
5752	1
5753	1
5754	1
5755	2
5756	2
5757	2
5758	3
5759	4
5760	4
5761	3
5762	2
5763	1
5764	2
5765	2
5766	3
5767	3
5768	2
5769	1
5770	0
5771	0
5772	1
5773	1
5774	1
5775	1
5776	1
5777	1
5778	1
5779	1
5780	1
5781	0
5782	0
5783	1
5784	1
5785	1
5786	2
5787	2
5788	2
5789	2
5790	1
5791	1
5792	1
5793	1
5794	0
5795	0
5796	1
5797	1
5798	1
5799	1
5800	1
5801	1
5802	2
5803	2
5804	2
5805	2
5806	1
5807	1
5808	1
5809	1
5810	1
5811	1
5812	1
5813	1
5814	1
5815	1
5816	2
5817	2
5818	2
5819	2
5820	2
5821	2
5822	2
5823	2
5824	2
5825	2
5826	2
5827	2
5828	2
5829	2
5830	2
5831	2
5832	2
5833	2
5834	2
5835	2
5836	2
5837	2
5838	2
5839	2
5840	2
5841	2
5842	2
5843	2
5844	2
5845	2
5846	2
5847	2
5848	2
5849	2
5850	2
5851	2
5852	1
5853	0
5854	0
5855	0
5856	0
5857	0
5858	0
5859	0
5860	0
5861	1
5862	2
5863	2
5864	2
5865	2
5866	2
5867	2
5868	2
5869	2
5870	1
5871	1
5872	1
5873	1
5874	1
5875	1
5876	1
5877	2
5878	2
5879	3
5880	3
5881	3
5882	2
5883	2
5884	2
5885	2
5886	2
5887	2
5888	2
5889	2
5890	2
5891	2
5892	2
5893	2
5894	2
5895	2
5896	2
5897	3
5898	3
5899	3
5900	2
5901	2
5902	2
5903	2
5904	2
5905	2
5906	2
5907	2
5908	2
5909	2
5910	3
5911	3
5912	3
5913	3
5914	3
5915	3
5916	3
5917	2
5918	2
5919	2
5920	2
5921	2
5922	2
5923	1
5924	0
5925	0
5926	0
5927	0
5928	0
5929	0
5930	0
5931	0
5932	1
5933	1
5934	1
5935	2
5936	2
5937	2
5938	2
5939	2
5940	2
5941	2
5942	2
5943	2
5944	2
5945	2
5946	2
5947	2
5948	3
5949	3
5950	3
5951	2
5952	2
5953	2
5954	2
5955	2
5956	2
5957	2
5958	2
5959	2
5960	2
5961	2
5962	2
5963	2
5964	2
5965	2
5966	2
5967	1
5968	0
5969	0
5970	1
5971	1
5972	1
5973	1
5974	1
5975	1
5976	1
5977	0
5978	0
5979	1
5980	1
5981	1
5982	1
5983	1
5984	1
5985	1
5986	0
5987	0
5988	1
5989	1
5990	2
5991	3
5992	3
5993	3
5994	2
5995	1
5996	1
5997	0
5998	0
5999	1
6000	1
6001	1
6002	2
6003	3
6004	3
6005	3
6006	3
6007	3
6008	3
6009	3
6010	3
6011	2
6012	2
6013	2
6014	2
6015	2
6016	2
6017	2
6018	3
6019	3
6020	3
6021	3
6022	2
6023	2
6024	2
6025	2
6026	2
6027	2
6028	2
6029	2
6030	2
6031	2
6032	2
6033	2
6034	2
6035	2
6036	2
6037	2
6038	2
6039	2
6040	2
6041	1
6042	0
6043	0
6044	1
6045	2
6046	2
6047	3
6048	3
6049	3
6050	3
6051	3
6052	2
6053	2
6054	2
6055	2
6056	2
6057	2
6058	3
6059	3
6060	2
6061	3
6062	3
6063	3
6064	3
6065	3
6066	2
6067	2
6068	2
6069	2
6070	1
6071	0
6072	0
6073	0
6074	0
6075	1
6076	2
6077	2
6078	2
6079	2
6080	2
6081	2
6082	2
6083	2
6084	2
6085	3
6086	3
6087	4
6088	5
6089	5
6090	5
6091	4
6092	4
6093	3
6094	3
6095	2
6096	2
6097	2
6098	2
6099	3
6100	3
6101	3
6102	3
6103	3
6104	3
6105	3
6106	3
6107	3
6108	3
6109	3
6110	2
6111	2
6112	2
6113	2
6114	1
6115	0
6116	0
6117	1
6118	2
6119	3
6120	3
6121	2
6122	1
6123	0
6124	0
6125	1
6126	1
6127	1
6128	1
6129	1
6130	0
6131	0
6132	0
6133	0
6134	0
6135	1
6136	2
6137	2
6138	2
6139	2
6140	2
6141	2
6142	1
6143	0
6144	0
6145	0
6146	0
6147	0
6148	1
6149	1
6150	1
6151	2
6152	3
6153	3
6154	3
6155	2
6156	1
6157	2
6158	3
6159	3
6160	3
6161	3
6162	2
6163	1
6164	1
6165	0
6166	0
6167	1
6168	1
6169	2
6170	3
6171	3
6172	3
6173	2
6174	1
6175	2
6176	3
6177	3
6178	3
6179	3
6180	2
6181	1
6182	1
6183	0
6184	0
6185	0
6186	1
6187	1
6188	1
6189	2
6190	3
6191	3
6192	3
6193	3
6194	3
6195	3
6196	3
6197	3
6198	3
6199	3
6200	3
6201	3
6202	3
6203	3
6204	3
6205	4
6206	4
6207	4
6208	3
6209	2
6210	1
6211	1
6212	1
6213	1
6214	1
6215	1
6216	1
6217	1
6218	0
6219	0
6220	0
6221	0
6222	1
6223	1
6224	2
6225	2
6226	2
6227	2
6228	2
6229	3
6230	3
6231	3
6232	3
6233	3
6234	3
6235	3
6236	3
6237	3
6238	2
6239	2
6240	1
6241	1
6242	1
6243	0
6244	0
6245	1
6246	1
6247	1
6248	1
6249	1
6250	2
6251	2
6252	2
6253	2
6254	2
6255	2
6256	1
6257	1
6258	1
6259	1
6260	1
6261	1
6262	0
6263	0
6264	1
6265	1
6266	1
6267	2
6268	2
6269	2
6270	2
6271	2
6272	2
6273	2
6274	2
6275	2
6276	1
6277	1
6278	1
6279	2
6280	2
6281	2
6282	2
6283	2
6284	1
6285	0
6286	0
6287	0
6288	0
6289	0
6290	0
6291	0
6292	0
6293	1
6294	1
6295	2
6296	2
6297	2
6298	2
6299	2
6300	2
6301	2
6302	2
6303	2
6304	2
6305	2
6306	3
6307	3
6308	3
6309	3
6310	3
6311	3
6312	2
6313	2
6314	3
6315	3
6316	3
6317	3
6318	2
6319	2
6320	3
6321	3
6322	4
6323	4
6324	4
6325	3
6326	2
6327	2
6328	3
6329	3
6330	3
6331	3
6332	3
6333	3
6334	3
6335	3
6336	3
6337	3
6338	3
6339	3
6340	3
6341	3
6342	3
6343	3
6344	3
6345	4
6346	4
6347	4
6348	5
6349	5
6350	5
6351	4
6352	4
6353	3
6354	3
6355	4
6356	4
6357	4
6358	4
6359	4
6360	3
6361	3
6362	3
6363	2
6364	2
6365	2
6366	3
6367	3
6368	3
6369	4
6370	4
6371	5
6372	5
6373	5
6374	5
6375	4
6376	3
6377	2
6378	2
6379	2
6380	1
6381	0
6382	0
6383	1
6384	1
6385	1
6386	1
6387	1
6388	1
6389	1
6390	1
6391	1
6392	1
6393	1
6394	1
6395	0
6396	0
6397	0
6398	0
6399	0
6400	0
6401	1
6402	1
6403	1
6404	2
6405	2
6406	2
6407	3
6408	4
6409	4
6410	4
6411	4
6412	4
6413	4
6414	3
6415	2
6416	2
6417	2
6418	2
6419	2
6420	2
6421	2
6422	2
6423	1
6424	0
6425	0
6426	0
6427	0
6428	0
6429	1
6430	1
6431	1
6432	0
6433	1
6434	1
6435	1
6436	0
6437	1
6438	1
6439	1
6440	0
6441	1
6442	1
6443	1
6444	1
6445	1
6446	0
6447	0
6448	0
6449	1
6450	1
6451	1
6452	0
6453	1
6454	1
6455	1
6456	0
6457	1
6458	1
6459	1
6460	0
6461	0
6462	0
6463	1
6464	1
6465	1
6466	1
6467	1
6468	1
6469	0
6470	1
6471	1
6472	1
6473	1
6474	1
6475	1
6476	1
6477	1
6478	1
6479	1
6480	1
6481	1
6482	1
6483	0
6484	1
6485	1
6486	1
6487	1
6488	1
6489	1
6490	1
6491	1
6492	0
6493	1
6494	1
6495	1
6496	1
6497	1
6498	1
6499	0
6500	1
6501	1
6502	1
6503	1
6504	1
6505	1
6506	0
6507	1
6508	1
6509	1
6510	1
6511	1
6512	1
6513	0
6514	1
6515	1
6516	1
6517	1
6518	1
6519	1
6520	0
6521	1
6522	1
6523	1
6524	1
6525	1
6526	1
6527	1
6528	0
6529	1
6530	1
6531	2
6532	2
6533	1
6534	1
6535	1
6536	0
6537	1
6538	1
6539	1
6540	1
6541	1
6542	1
6543	0
6544	0
6545	0
6546	0
6547	1
6548	1
6549	1
6550	1
6551	1
6552	0
6553	0
6554	1
6555	1
6556	1
6557	1
6558	0
6559	0
6560	1
6561	1
6562	1
6563	1
6564	1
6565	0
6566	0
6567	1
6568	1
6569	1
6570	1
6571	1
6572	1
6573	1
6574	1
6575	1
6576	1
6577	0
6578	0
6579	0
6580	0
6581	0
6582	0
6583	0
6584	0
6585	0
6586	0
6587	0
6588	0
6589	0
6590	0
6591	0
6592	1
6593	1
6594	1
6595	1
6596	0
6597	0
6598	0
6599	1
6600	1
6601	1
6602	1
6603	1
6604	0
6605	1
6606	1
6607	1
6608	1
6609	1
6610	0
6611	1
6612	1
6613	1
6614	1
6615	1
6616	0
6617	1
6618	1
6619	1
6620	1
6621	1
6622	0
6623	1
6624	1
6625	1
6626	1
6627	1
6628	0
6629	0
6630	0
6631	0
6632	0
6633	0
6634	0
6635	0
6636	0
6637	0
6638	0
6639	1
6640	1
6641	1
6642	0
6643	1
6644	1
6645	1
6646	1
6647	0
6648	0
6649	0
6650	1
6651	2
6652	2
6653	2
6654	1
6655	1
6656	0
6657	0
6658	0
6659	1
6660	1
6661	1
6662	1
6663	0
6664	0
6665	0
6666	0
6667	1
6668	1
6669	1
6670	1
6671	0
6672	1
6673	1
6674	1
6675	1
6676	0
6677	1
6678	1
6679	1
6680	1
6681	0
6682	1
6683	1
6684	1
6685	0
6686	0
6687	0
6688	1
6689	1
6690	1
6691	1
6692	1
6693	0
6694	0
6695	0
6696	1
6697	1
6698	1
6699	1
6700	0
6701	0
6702	0
6703	1
6704	1
6705	1
6706	1
6707	1
6708	1
6709	1
6710	1
6711	1
6712	1
6713	0
6714	1
6715	1
6716	1
6717	1
6718	1
6719	0
6720	1
6721	1
6722	1
6723	1
6724	1
6725	1
6726	1
6727	0
6728	1
6729	1
6730	1
6731	1
6732	1
6733	1
6734	0
6735	1
6736	1
6737	1
6738	1
6739	1
6740	1
6741	0
6742	0
6743	1
6744	1
6745	1
6746	1
6747	1
6748	0
6749	1
6750	1
6751	1
6752	1
6753	1
6754	1
6755	0
6756	1
6757	1
6758	1
6759	1
6760	1
6761	0
6762	1
6763	1
6764	1
6765	1
6766	1
6767	0
6768	1
6769	1
6770	1
6771	1
6772	1
6773	1
6774	1
6775	0
6776	1
6777	1
6778	1
6779	1
6780	1
6781	0
6782	1
6783	1
6784	1
6785	0
6786	1
6787	1
6788	1
6789	1
6790	0
6791	1
6792	1
6793	1
6794	1
6795	0
6796	1
6797	1
6798	1
6799	1
6800	1
6801	1
6802	1
6803	1
6804	0
6805	0
6806	0
6807	0
6808	1
6809	1
6810	1
6811	1
6812	0
6813	0
6814	1
6815	1
6816	1
6817	1
6818	1
6819	1
6820	0
6821	0
6822	1
6823	1
6824	1
6825	0
6826	1
6827	1
6828	1
6829	0
6830	1
6831	1
6832	1
6833	0
6834	1
6835	1
6836	1
6837	0
6838	1
6839	1
6840	1
6841	2
6842	2
6843	2
6844	1
6845	1
6846	1
6847	1
6848	1
6849	0
6850	0
6851	0
6852	0
6853	0
6854	0
6855	0
6856	0
6857	0
6858	0
6859	0
6860	1
6861	1
6862	1
6863	0
6864	1
6865	1
6866	1
6867	1
6868	1
6869	1
6870	1
6871	1
6872	1
6873	0
6874	1
6875	1
6876	1
6877	0
6878	1
6879	1
6880	1
6881	1
6882	1
6883	1
6884	1
6885	0
6886	1
6887	1
6888	1
6889	0
6890	0
6891	1
6892	1
6893	1
6894	1
6895	1
6896	1
6897	0
6898	1
6899	1
6900	1
6901	1
6902	0
6903	0
6904	0
6905	1
6906	1
6907	1
6908	1
6909	1
6910	1
6911	1
6912	0
6913	1
6914	1
6915	1
6916	1
6917	1
6918	1
6919	1
6920	0
6921	0
6922	0
6923	0
6924	0
6925	1
6926	1
6927	1
6928	1
6929	0
6930	1
6931	1
6932	1
6933	0
6934	1
6935	1
6936	1
6937	0
6938	0
6939	0
6940	1
6941	1
6942	1
6943	1
6944	1
6945	1
6946	1
6947	1
6948	0
6949	1
6950	1
6951	1
6952	0
6953	0
6954	0
6955	0
6956	0
6957	0
6958	0
6959	1
6960	1
6961	1
6962	0
6963	0
6964	1
6965	1
6966	1
6967	2
6968	2
6969	2
6970	2
6971	2
6972	1
6973	1
6974	0
6975	0
6976	1
6977	1
6978	2
6979	3
6980	3
6981	2
6982	1
6983	1
6984	0
6985	0
6986	1
6987	1
6988	1
6989	1
6990	2
6991	3
6992	3
6993	2
6994	1
6995	1
6996	0
6997	0
6998	1
6999	1
7000	1
7001	1
7002	0
7003	0
7004	1
7005	1
7006	1
7007	1
7008	1
7009	0
7010	0
7011	1
7012	1
7013	1
7014	1
7015	1
7016	2
7017	2
7018	3
7019	3
7020	2
7021	1
7022	1
7023	0
7024	0
7025	1
7026	2
7027	2
7028	2
7029	1
7030	1
7031	0
7032	0
7033	1
7034	1
7035	1
7036	1
7037	1
7038	1
7039	1
7040	0
7041	0
7042	0
7043	1
7044	1
7045	1
7046	1
7047	0
7048	0
7049	0
7050	0
7051	0
7052	1
7053	1
7054	1
7055	1
7056	1
7057	1
7058	1
7059	1
7060	1
7061	1
7062	0
7063	0
7064	0
7065	0
7066	0
7067	1
7068	1
7069	1
7070	1
7071	1
7072	1
7073	1
7074	1
7075	0
7076	0
7077	1
7078	1
7079	1
7080	1
7081	0
7082	0
7083	1
7084	1
7085	1
7086	1
7087	0
7088	0
7089	1
7090	1
7091	1
7092	1
7093	1
7094	0
7095	0
7096	1
7097	1
7098	1
7099	1
7100	1
7101	1
7102	1
7103	1
7104	1
7105	1
7106	1
7107	1
7108	1
7109	1
7110	0
7111	0
7112	1
7113	1
7114	1
7115	1
7116	1
7117	1
7118	1
7119	1
7120	0
7121	0
7122	0
7123	0
7124	0
7125	0
7126	0
7127	0
7128	0
7129	0
7130	0
7131	0
7132	1
7133	1
7134	1
7135	1
7136	1
7137	1
7138	0
7139	0
7140	1
7141	1
7142	1
7143	1
7144	1
7145	0
7146	0
7147	0
7148	0
7149	0
7150	0
7151	0
7152	0
7153	0
7154	0
7155	1
7156	1
7157	1
7158	1
7159	0
7160	0
7161	1
7162	1
7163	1
7164	1
7165	1
7166	1
7167	1
7168	1
7169	0
7170	0
7171	1
7172	1
7173	1
7174	1
7175	1
7176	1
7177	1
7178	0
7179	0
7180	1
7181	1
7182	1
7183	2
7184	2
7185	1
7186	1
7187	1
7188	1
7189	0
7190	0
7191	0
7192	0
7193	0
7194	0
7195	1
7196	1
7197	1
7198	1
7199	1
7200	1
7201	1
7202	1
7203	1
7204	0
7205	0
7206	0
7207	0
7208	0
7209	0
7210	1
7211	1
7212	1
7213	0
7214	0
7215	0
7216	0
7217	1
7218	1
7219	1
7220	1
7221	1
7222	1
7223	1
7224	1
7225	1
7226	1
7227	0
7228	0
7229	1
7230	1
7231	1
7232	1
7233	1
7234	1
7235	1
7236	1
7237	1
7238	0
7239	0
7240	1
7241	1
7242	1
7243	1
7244	1
7245	1
7246	1
7247	1
7248	0
7249	0
7250	1
7251	1
7252	1
7253	2
7254	2
7255	2
7256	2
7257	1
7258	1
7259	1
7260	1
7261	0
7262	0
7263	1
7264	1
7265	1
7266	1
7267	1
7268	0
7269	0
7270	1
7271	1
7272	1
7273	1
7274	1
7275	1
7276	1
7277	1
7278	0
7279	0
7280	1
7281	1
7282	1
7283	1
7284	1
7285	1
7286	1
7287	1
7288	1
7289	1
7290	0
7291	0
7292	1
7293	1
7294	1
7295	1
7296	1
7297	1
7298	1
7299	1
7300	1
7301	0
7302	0
7303	0
7304	0
7305	0
7306	1
7307	1
7308	1
7309	1
7310	1
7311	1
7312	1
7313	1
7314	1
7315	1
7316	1
7317	1
7318	1
7319	1
7320	0
7321	0
7322	1
7323	1
7324	1
7325	1
7326	1
7327	0
7328	0
7329	1
7330	1
7331	1
7332	1
7333	1
7334	1
7335	1
7336	1
7337	0
7338	0
7339	1
7340	1
7341	1
7342	1
7343	1
7344	1
7345	0
7346	0
7347	1
7348	1
7349	1
7350	1
7351	1
7352	0
7353	0
7354	1
7355	1
7356	1
7357	1
7358	1
7359	2
7360	2
7361	1
7362	1
7363	0
7364	0
7365	1
7366	1
7367	1
7368	1
7369	1
7370	1
7371	0
7372	0
7373	0
7374	0
7375	0
7376	0
7377	1
7378	1
7379	1
7380	1
7381	1
7382	1
7383	1
7384	0
7385	0
7386	1
7387	1
7388	1
7389	0
7390	0
7391	1
7392	1
7393	1
7394	1
7395	1
7396	1
7397	1
7398	1
7399	1
7400	1
7401	1
7402	1
7403	1
7404	1
7405	0
7406	0
7407	1
7408	1
7409	1
7410	1
7411	1
7412	0
7413	0
7414	0
7415	0
7416	0
7417	1
7418	1
7419	1
7420	1
7421	1
7422	1
7423	1
7424	1
7425	1
7426	2
7427	2
7428	2
7429	2
7430	3
7431	4
7432	4
7433	4
7434	4
7435	3
7436	2
7437	1
7438	2
7439	2
7440	2
7441	1
7442	1
7443	1
7444	1
7445	1
7446	1
7447	1
7448	1
7449	2
7450	3
7451	3
7452	2
7453	1
7454	1
7455	1
7456	1
7457	1
7458	1
7459	1
7460	1
7461	1
7462	2
7463	2
7464	2
7465	2
7466	2
7467	2
7468	2
7469	2
7470	1
7471	1
7472	1
7473	1
7474	1
7475	1
7476	1
7477	2
7478	2
7479	2
7480	1
7481	1
7482	1
7483	0
7484	0
7485	0
7486	0
7487	0
7488	0
7489	0
7490	1
7491	1
7492	1
7493	1
7494	2
7495	2
7496	2
7497	1
7498	1
7499	0
7500	0
7501	1
7502	2
7503	2
7504	2
7505	1
7506	1
7507	1
7508	1
7509	1
7510	1
7511	1
7512	1
7513	1
7514	0
7515	0
7516	1
7517	1
7518	1
7519	1
7520	0
7521	0
7522	1
7523	1
7524	1
7525	2
7526	2
7527	2
7528	2
7529	2
7530	2
7531	1
7532	1
7533	1
7534	1
7535	2
7536	2
7537	2
7538	3
7539	3
7540	3
7541	2
7542	2
7543	2
7544	3
7545	3
7546	3
7547	3
7548	2
7549	3
7550	3
7551	3
7552	2
7553	2
7554	2
7555	1
7556	1
7557	2
7558	2
7559	2
7560	2
7561	2
7562	2
7563	3
7564	3
7565	3
7566	2
7567	2
7568	2
7569	1
7570	1
7571	2
7572	2
7573	2
7574	2
7575	2
7576	2
7577	2
7578	3
7579	3
7580	3
7581	2
7582	2
7583	2
7584	1
7585	1
7586	1
7587	1
7588	1
7589	2
7590	2
7591	2
7592	2
7593	2
7594	1
7595	1
7596	0
7597	0
7598	0
7599	0
7600	0
7601	1
7602	1
7603	2
7604	2
7605	2
7606	2
7607	1
7608	1
7609	1
7610	1
7611	1
7612	1
7613	1
7614	1
7615	1
7616	1
7617	1
7618	1
7619	1
7620	1
7621	1
7622	1
7623	1
7624	1
7625	1
7626	1
7627	1
7628	1
7629	1
7630	1
7631	1
7632	1
7633	1
7634	1
7635	1
7636	1
7637	1
7638	1
7639	1
7640	1
7641	2
7642	2
7643	2
7644	1
7645	1
7646	2
7647	2
7648	2
7649	2
7650	2
7651	1
7652	2
7653	2
7654	2
7655	2
7656	1
7657	1
7658	1
7659	1
7660	1
7661	1
7662	1
7663	1
7664	1
7665	1
7666	1
7667	1
7668	1
7669	1
7670	2
7671	2
7672	1
7673	1
7674	1
7675	1
7676	1
7677	1
7678	1
7679	2
7680	2
7681	2
7682	2
7683	2
7684	2
7685	1
7686	1
7687	2
7688	2
7689	2
7690	1
7691	1
7692	1
7693	1
7694	1
7695	1
7696	2
7697	2
7698	2
7699	2
7700	2
7701	2
7702	2
7703	2
7704	2
7705	2
7706	2
7707	1
7708	2
7709	2
7710	2
7711	2
7712	1
7713	1
7714	1
7715	1
7716	1
7717	1
7718	2
7719	2
7720	2
7721	2
7722	1
7723	2
7724	2
7725	2
7726	1
7727	2
7728	2
7729	2
7730	1
7731	2
7732	2
7733	2
7734	1
7735	1
7736	1
7737	1
7738	2
7739	2
7740	2
7741	1
7742	1
7743	1
7744	2
7745	2
7746	2
7747	2
7748	1
7749	1
7750	1
7751	2
7752	2
7753	2
7754	1
7755	1
7756	1
7757	0
7758	0
7759	0
7760	0
7761	0
7762	1
7763	1
7764	1
7765	1
7766	1
7767	1
7768	1
7769	1
7770	1
7771	1
7772	1
7773	1
7774	1
7775	1
7776	1
7777	1
7778	1
7779	1
7780	1
7781	1
7782	1
7783	1
7784	1
7785	1
7786	0
7787	0
7788	1
7789	2
7790	2
7791	2
7792	2
7793	2
7794	1
7795	1
7796	0
7797	0
7798	1
7799	1
7800	1
7801	1
7802	1
7803	1
7804	1
7805	1
7806	1
7807	1
7808	1
7809	1
7810	1
7811	1
7812	1
7813	1
7814	1
7815	1
7816	1
7817	1
7818	1
7819	1
7820	1
7821	1
7822	1
7823	2
7824	2
7825	2
7826	2
7827	2
7828	2
7829	2
7830	3
7831	3
7832	3
7833	3
7834	3
7835	3
7836	4
7837	5
7838	5
7839	5
7840	4
7841	3
7842	3
7843	4
7844	4
7845	3
7846	4
7847	4
7848	3
7849	2
7850	2
7851	3
7852	4
7853	4
7854	4
7855	4
7856	3
7857	3
7858	4
7859	4
7860	4
7861	4
7862	4
7863	4
7864	4
7865	4
7866	4
7867	4
7868	4
7869	5
7870	5
7871	5
7872	4
7873	4
7874	4
7875	4
7876	4
7877	4
7878	3
7879	2
7880	2
7881	3
7882	3
7883	3
7884	3
7885	3
7886	3
7887	3
7888	3
7889	4
7890	5
7891	5
7892	5
7893	6
7894	6
7895	6
7896	6
7897	6
7898	7
7899	7
7900	6
7901	5
7902	4
7903	4
7904	4
7905	4
7906	4
7907	3
7908	2
7909	2
7910	3
7911	3
7912	3
7913	3
7914	4
7915	5
7916	5
7917	5
7918	4
7919	4
7920	4
7921	5
7922	5
7923	4
7924	3
7925	3
7926	4
7927	4
7928	4
7929	3
7930	2
7931	2
7932	3
7933	3
7934	3
7935	3
7936	3
7937	3
7938	3
7939	3
7940	3
7941	4
7942	4
7943	4
7944	3
7945	3
7946	4
7947	4
7948	4
7949	3
7950	3
7951	4
7952	4
7953	5
7954	6
7955	6
7956	5
7957	4
7958	4
7959	5
7960	5
7961	4
7962	3
7963	2
7964	2
7965	3
7966	3
7967	4
7968	4
7969	3
7970	4
7971	4
7972	4
7973	3
7974	3
7975	3
7976	3
7977	3
7978	3
7979	3
7980	3
7981	4
7982	4
7983	4
7984	3
7985	3
7986	3
7987	2
7988	1
7989	1
7990	2
7991	2
7992	1
7993	0
7994	0
7995	0
7996	1
7997	1
7998	1
7999	1
8000	1
8001	1
8002	1
8003	1
8004	1
8005	1
8006	1
8007	1
8008	1
8009	1
8010	1
8011	1
8012	1
8013	1
8014	1
8015	0
8016	0
8017	0
8018	0
8019	0
8020	0
8021	0
8022	1
8023	1
8024	1
8025	1
8026	1
8027	1
8028	1
8029	1
8030	1
8031	2
8032	2
8033	2
8034	2
8035	2
8036	2
8037	3
8038	3
8039	3
8040	4
8041	4
8042	4
8043	3
8044	2
8045	2
8046	2
8047	2
8048	1
8049	1
8050	2
8051	3
8052	3
8053	3
8054	3
8055	2
8056	2
8057	3
8058	3
8059	3
8060	3
8061	3
8062	3
8063	3
8064	3
8065	3
8066	3
8067	3
8068	3
8069	4
8070	4
8071	4
8072	3
8073	3
8074	3
8075	3
8076	3
8077	3
8078	2
8079	1
8080	1
8081	1
8082	2
8083	3
8084	4
8085	4
8086	4
8087	4
8088	4
8089	4
8090	4
8091	4
8092	3
8093	2
8094	1
8095	1
8096	2
8097	2
8098	2
8099	2
8100	2
8101	2
8102	2
8103	2
8104	3
8105	4
8106	4
8107	4
8108	5
8109	5
8110	5
8111	5
8112	5
8113	6
8114	6
8115	5
8116	4
8117	3
8118	3
8119	3
8120	3
8121	3
8122	2
8123	1
8124	1
8125	2
8126	2
8127	2
8128	2
8129	2
8130	3
8131	4
8132	4
8133	4
8134	3
8135	3
8136	3
8137	3
8138	3
8139	2
8140	2
8141	3
8142	3
8143	3
8144	2
8145	1
8146	1
8147	1
8148	2
8149	2
8150	2
8151	2
8152	2
8153	2
8154	2
8155	2
8156	2
8157	2
8158	2
8159	3
8160	3
8161	3
8162	2
8163	2
8164	3
8165	3
8166	3
8167	2
8168	2
8169	2
8170	2
8171	2
8172	3
8173	3
8174	3
8175	3
8176	3
8177	4
8178	4
8179	4
8180	4
8181	5
8182	6
8183	6
8184	5
8185	4
8186	4
8187	5
8188	5
8189	4
8190	3
8191	2
8192	2
8193	3
8194	4
8195	4
8196	3
8197	2
8198	1
8199	1
8200	2
8201	2
8202	2
8203	3
8204	3
8205	3
8206	2
8207	2
8208	2
8209	2
8210	2
8211	2
8212	2
8213	2
8214	3
8215	3
8216	3
8217	2
8218	2
8219	2
8220	1
8221	0
8222	0
8223	1
8224	1
8225	0
8226	0
8227	0
8228	0
8229	0